#!/bin/bash
alias ls='ls --color=auto'
printf "\e[49m                                                       \e[m
\e[49m                      \e[38;5;246;49m▄\e[38;5;240;49m▄\e[38;5;239;49m▄\e[38;5;238;49m▄\e[38;5;240;48;5;188m▄\e[38;5;239;48;5;250m▄\e[38;5;241;48;5;248m▄\e[38;5;243;48;5;242m▄\e[38;5;240;48;5;245m▄\e[38;5;239;48;5;246m▄\e[38;5;145;48;5;241m▄\e[38;5;243;48;5;242m▄\e[38;5;243;48;5;8m▄\e[38;5;242;49m▄\e[38;5;240;49m▄\e[49m                  \e[m
\e[49m                \e[38;5;239;49m▄\e[38;5;240;49m▄\e[38;5;238;49m▄\e[38;5;242;48;5;243m▄\e[38;5;245;48;5;239m▄\e[38;5;239;48;5;241m▄\e[38;5;8;48;5;242m▄\e[38;5;102;48;5;240m▄\e[38;5;8;48;5;238m▄\e[38;5;240;48;5;145m▄\e[38;5;242;48;5;243m▄\e[38;5;243;48;5;8m▄\e[38;5;59;48;5;59m▄\e[38;5;8;48;5;242m▄\e[38;5;247;48;5;239m▄\e[38;5;8;48;5;239m▄\e[38;5;241;48;5;246m▄▄\e[38;5;8;48;5;243m▄\e[38;5;243;48;5;243m▄\e[38;5;248;48;5;241m▄\e[38;5;8;48;5;239m▄\e[38;5;242;48;5;239m▄\e[38;5;240;49m▄\e[38;5;239;49m▄\e[49m              \e[m
\e[49m             \e[38;5;238;49m▄\e[38;5;242;49m▄\e[38;5;95;48;5;239m▄\e[38;5;95;48;5;242m▄\e[38;5;236;48;5;59m▄\e[38;5;59;48;5;241m▄\e[38;5;239;48;5;243m▄\e[38;5;243;48;5;238m▄\e[38;5;248;48;5;242m▄\e[38;5;8;48;5;245m▄\e[38;5;59;48;5;246m▄\e[38;5;8;48;5;240m▄\e[38;5;8;48;5;249m▄\e[38;5;243;48;5;243m▄\e[38;5;59;48;5;8m▄\e[38;5;246;48;5;240m▄\e[38;5;8;48;5;242m▄\e[38;5;59;48;5;8m▄\e[38;5;240;48;5;102m▄\e[38;5;241;48;5;8m▄\e[38;5;241;48;5;243m▄\e[38;5;239;48;5;238m▄\e[38;5;238;48;5;102m▄\e[38;5;243;48;5;102m▄\e[38;5;8;48;5;8m▄\e[38;5;237;48;5;237m▄\e[38;5;243;48;5;240m▄\e[38;5;243;48;5;239m▄\e[38;5;236;48;5;237m▄\e[49m             \e[m
\e[49m          \e[38;5;238;49m▄\e[38;5;240;48;5;242m▄\e[38;5;240;48;5;240m▄\e[38;5;59;48;5;239m▄\e[38;5;137;48;5;240m▄\e[38;5;215;48;5;216m▄\e[38;5;209;48;5;215m▄\e[38;5;173;48;5;216m▄\e[38;5;180;48;5;95m▄\e[38;5;241;48;5;246m▄\e[38;5;245;48;5;247m▄\e[38;5;245;48;5;242m▄\e[38;5;243;48;5;245m▄\e[38;5;245;48;5;246m▄\e[38;5;245;48;5;247m▄\e[38;5;243;48;5;8m▄\e[38;5;238;48;5;241m▄\e[38;5;8;48;5;8m▄\e[38;5;242;48;5;242m▄\e[38;5;8;48;5;242m▄\e[38;5;245;48;5;59m▄\e[38;5;8;48;5;8m▄\e[38;5;241;48;5;8m▄\e[38;5;242;48;5;8m▄\e[38;5;242;48;5;243m▄\e[38;5;59;48;5;243m▄\e[38;5;242;48;5;59m▄\e[38;5;59;48;5;241m▄\e[38;5;95;48;5;242m▄\e[38;5;239;48;5;242m▄\e[38;5;138;48;5;8m▄\e[38;5;138;48;5;240m▄\e[38;5;174;48;5;239m▄\e[38;5;217;48;5;236m▄\e[38;5;52;49m▄\e[49m          \e[m
\e[49m        \e[38;5;243;49m▄\e[38;5;238;48;5;240m▄\e[38;5;239;48;5;59m▄\e[38;5;242;48;5;242m▄\e[38;5;243;48;5;240m▄\e[38;5;8;48;5;8m▄\e[38;5;95;48;5;174m▄\e[38;5;167;48;5;215m▄\e[38;5;131;48;5;173m▄\e[38;5;173;48;5;216m▄\e[38;5;173;48;5;173m▄\e[38;5;95;48;5;8m▄\e[38;5;246;48;5;102m▄\e[38;5;246;48;5;245m▄\e[38;5;245;48;5;245m▄\e[38;5;102;48;5;245m▄\e[38;5;238;48;5;242m▄\e[38;5;137;48;5;239m▄\e[38;5;223;48;5;243m▄\e[38;5;223;48;5;8m▄\e[38;5;137;48;5;242m▄\e[38;5;180;48;5;243m▄\e[38;5;180;48;5;8m▄\e[38;5;180;48;5;242m▄\e[38;5;224;48;5;59m▄\e[38;5;230;48;5;8m▄\e[38;5;229;48;5;242m▄\e[38;5;216;48;5;238m▄\e[38;5;209;48;5;239m▄\e[38;5;167;48;5;240m▄\e[38;5;131;48;5;131m▄\e[38;5;95;48;5;210m▄\e[38;5;131;48;5;131m▄\e[38;5;167;48;5;174m▄\e[38;5;209;48;5;131m▄\e[38;5;173;48;5;173m▄\e[38;5;209;48;5;215m▄\e[38;5;95;48;5;95m▄\e[49m         \e[m
\e[49m       \e[38;5;241;48;5;247m▄\e[38;5;238;48;5;238m▄\e[38;5;59;48;5;59m▄\e[38;5;59;48;5;241m▄\e[38;5;59;48;5;240m▄\e[38;5;95;48;5;242m▄\e[38;5;137;48;5;240m▄\e[38;5;223;48;5;95m▄\e[38;5;180;48;5;131m▄\e[38;5;180;48;5;174m▄\e[38;5;8;48;5;137m▄\e[38;5;245;48;5;137m▄\e[38;5;246;48;5;138m▄\e[38;5;59;48;5;241m▄\e[38;5;8;48;5;242m▄\e[38;5;101;48;5;242m▄\e[38;5;222;48;5;101m▄\e[38;5;222;48;5;229m▄\e[38;5;229;48;5;185m▄\e[38;5;229;48;5;223m▄\e[38;5;229;48;5;230m▄\e[38;5;230;48;5;230m▄\e[38;5;15;48;5;15m▄\e[38;5;230;48;5;230m▄\e[38;5;230;48;5;223m▄\e[38;5;229;48;5;230m▄\e[38;5;222;48;5;222m▄\e[38;5;215;48;5;215m▄\e[38;5;209;48;5;209m▄\e[38;5;215;48;5;209m▄\e[38;5;215;48;5;203m▄\e[38;5;203;48;5;131m▄\e[38;5;167;48;5;131m▄\e[38;5;94;48;5;131m▄\e[38;5;209;48;5;173m▄\e[38;5;167;48;5;209m▄\e[38;5;173;48;5;215m▄\e[38;5;180;48;5;216m▄\e[38;5;138;48;5;95m▄\e[38;5;239;48;5;239m▄\e[38;5;252;49m▄\e[49m       \e[m
\e[49m     \e[38;5;239;49m▄\e[38;5;238;48;5;240m▄\e[38;5;130;48;5;52m▄\e[38;5;202;48;5;167m▄\e[38;5;166;48;5;130m▄\e[38;5;203;48;5;131m▄\e[38;5;208;48;5;173m▄\e[38;5;215;48;5;215m▄▄\e[38;5;215;48;5;179m▄\e[38;5;215;48;5;222m▄\e[38;5;209;48;5;173m▄\e[38;5;216;48;5;137m▄\e[38;5;239;48;5;245m▄\e[38;5;8;48;5;241m▄\e[38;5;243;48;5;8m▄\e[38;5;95;48;5;8m▄\e[38;5;209;48;5;138m▄\e[38;5;167;48;5;215m▄\e[38;5;215;48;5;222m▄\e[38;5;221;48;5;229m▄\e[38;5;222;48;5;229m▄▄\e[38;5;229;48;5;230m▄▄▄\e[38;5;186;48;5;230m▄\e[38;5;223;48;5;229m▄\e[38;5;223;48;5;222m▄\e[38;5;222;48;5;222m▄▄\e[38;5;215;48;5;209m▄\e[38;5;216;48;5;215m▄\e[38;5;167;48;5;173m▄\e[38;5;94;48;5;167m▄\e[38;5;95;48;5;94m▄\e[38;5;236;48;5;167m▄\e[38;5;131;48;5;94m▄\e[38;5;138;48;5;216m▄\e[38;5;137;48;5;174m▄\e[38;5;137;48;5;137m▄\e[38;5;239;48;5;237m▄\e[38;5;239;48;5;240m▄\e[49m       \e[m
\e[49m    \e[38;5;238;49m▄\e[38;5;240;48;5;240m▄\e[38;5;167;48;5;1m▄\e[38;5;209;48;5;203m▄\e[38;5;209;48;5;208m▄\e[38;5;203;48;5;208m▄\e[38;5;209;48;5;209m▄\e[38;5;215;48;5;215m▄\e[38;5;222;48;5;222m▄\e[38;5;216;48;5;222m▄\e[38;5;222;48;5;222m▄▄\e[38;5;216;48;5;216m▄▄\e[38;5;243;48;5;95m▄\e[38;5;8;48;5;8m▄\e[38;5;240;48;5;59m▄\e[38;5;8;48;5;137m▄\e[38;5;174;48;5;210m▄\e[38;5;216;48;5;209m▄\e[38;5;215;48;5;215m▄\e[38;5;222;48;5;222m▄\e[38;5;216;48;5;222m▄▄▄▄\e[38;5;209;48;5;216m▄▄\e[38;5;216;48;5;223m▄▄\e[38;5;216;48;5;222m▄\e[38;5;215;48;5;215m▄\e[38;5;209;48;5;209m▄\e[38;5;95;48;5;131m▄\e[38;5;243;48;5;138m▄\e[38;5;8;48;5;95m▄\e[38;5;243;48;5;243m▄\e[38;5;240;48;5;95m▄\e[38;5;239;48;5;95m▄\e[38;5;95;48;5;131m▄\e[38;5;131;48;5;131m▄\e[38;5;137;48;5;131m▄\e[38;5;95;48;5;95m▄\e[38;5;95;48;5;237m▄\e[38;5;240;48;5;8m▄\e[49m      \e[m
\e[49m   \e[38;5;249;49m▄\e[38;5;131;48;5;239m▄\e[38;5;130;48;5;1m▄\e[38;5;202;48;5;215m▄\e[38;5;203;48;5;209m▄\e[38;5;209;48;5;208m▄\e[38;5;209;48;5;209m▄\e[38;5;166;48;5;202m▄\e[38;5;216;48;5;215m▄\e[38;5;222;48;5;222m▄\e[38;5;222;48;5;179m▄\e[38;5;223;48;5;222m▄\e[38;5;223;48;5;223m▄\e[38;5;180;48;5;216m▄\e[38;5;95;48;5;174m▄\e[38;5;8;48;5;243m▄\e[38;5;243;48;5;8m▄\e[38;5;240;48;5;240m▄\e[38;5;8;48;5;102m▄\e[38;5;242;48;5;243m▄\e[38;5;8;48;5;95m▄\e[38;5;242;48;5;216m▄\e[38;5;243;48;5;180m▄\e[38;5;95;48;5;173m▄\e[38;5;137;48;5;173m▄\e[38;5;138;48;5;174m▄\e[38;5;95;48;5;173m▄\e[38;5;131;48;5;167m▄\e[38;5;173;48;5;209m▄\e[38;5;216;48;5;216m▄▄\e[38;5;209;48;5;216m▄\e[38;5;203;48;5;209m▄▄\e[38;5;203;48;5;173m▄\e[38;5;95;48;5;242m▄\e[38;5;8;48;5;8m▄\e[38;5;239;48;5;242m▄\e[38;5;241;48;5;238m▄\e[38;5;59;48;5;243m▄\e[38;5;239;48;5;95m▄\e[38;5;131;48;5;131m▄\e[38;5;137;48;5;95m▄\e[38;5;131;48;5;95m▄\e[38;5;243;48;5;95m▄\e[38;5;238;48;5;240m▄\e[49m      \e[m
\e[49m   \e[38;5;88;48;5;237m▄\e[38;5;167;48;5;173m▄\e[38;5;167;48;5;130m▄\e[38;5;130;48;5;202m▄\e[38;5;173;48;5;209m▄\e[38;5;137;48;5;216m▄\e[38;5;180;48;5;222m▄\e[38;5;180;48;5;216m▄\e[38;5;173;48;5;180m▄\e[38;5;137;48;5;222m▄\e[38;5;95;48;5;222m▄\e[38;5;243;48;5;223m▄▄\e[38;5;240;48;5;95m▄\e[38;5;243;48;5;239m▄\e[38;5;243;48;5;8m▄\e[38;5;243;48;5;243m▄\e[38;5;95;48;5;95m▄\e[38;5;239;48;5;243m▄\e[38;5;95;48;5;243m▄\e[38;5;8;48;5;8m▄\e[38;5;243;48;5;243m▄\e[38;5;242;48;5;243m▄\e[38;5;243;48;5;243m▄\e[38;5;242;48;5;59m▄\e[38;5;238;48;5;243m▄\e[38;5;241;48;5;239m▄\e[38;5;243;48;5;8m▄\e[38;5;242;48;5;243m▄\e[38;5;241;48;5;8m▄\e[38;5;59;48;5;243m▄\e[38;5;243;48;5;131m▄\e[38;5;131;48;5;203m▄▄\e[38;5;167;48;5;167m▄\e[38;5;131;48;5;131m▄\e[38;5;243;48;5;243m▄\e[38;5;8;48;5;238m▄\e[38;5;242;48;5;8m▄\e[38;5;243;48;5;8m▄\e[38;5;241;48;5;59m▄\e[38;5;237;48;5;95m▄\e[38;5;242;48;5;138m▄\e[38;5;241;48;5;95m▄\e[38;5;243;48;5;59m▄\e[38;5;241;48;5;240m▄\e[38;5;240;49m▄\e[49m     \e[m
\e[49m  \e[38;5;248;49m▄\e[38;5;131;48;5;131m▄\e[38;5;130;48;5;130m▄\e[38;5;167;48;5;167m▄\e[38;5;131;48;5;131m▄\e[38;5;137;48;5;131m▄\e[38;5;241;48;5;95m▄\e[38;5;239;48;5;240m▄\e[38;5;95;48;5;137m▄\e[38;5;180;48;5;173m▄\e[38;5;180;48;5;180m▄\e[38;5;137;48;5;95m▄\e[38;5;138;48;5;243m▄\e[38;5;243;48;5;8m▄\e[38;5;242;48;5;243m▄\e[38;5;239;48;5;238m▄\e[38;5;238;48;5;242m▄\e[38;5;240;48;5;241m▄\e[38;5;8;48;5;237m▄\e[38;5;8;48;5;138m▄\e[38;5;8;48;5;243m▄\e[38;5;102;48;5;59m▄\e[38;5;8;48;5;240m▄\e[38;5;243;48;5;243m▄\e[38;5;242;48;5;8m▄\e[38;5;236;48;5;241m▄\e[38;5;243;48;5;241m▄\e[38;5;243;48;5;8m▄\e[38;5;243;48;5;102m▄▄\e[38;5;240;48;5;243m▄\e[38;5;59;48;5;239m▄\e[38;5;8;48;5;8m▄\e[38;5;243;48;5;242m▄\e[38;5;242;48;5;131m▄▄\e[38;5;240;48;5;238m▄\e[38;5;102;48;5;8m▄\e[38;5;8;48;5;8m▄\e[38;5;241;48;5;242m▄\e[38;5;102;48;5;245m▄\e[38;5;8;48;5;8m▄\e[38;5;241;48;5;240m▄\e[38;5;239;48;5;242m▄\e[38;5;8;48;5;243m▄\e[38;5;245;48;5;245m▄\e[38;5;8;48;5;243m▄\e[38;5;238;48;5;239m▄\e[49m     \e[m
\e[49m  \e[38;5;240;48;5;242m▄\e[38;5;238;48;5;95m▄\e[38;5;88;48;5;167m▄\e[38;5;167;48;5;167m▄\e[38;5;131;48;5;173m▄\e[38;5;59;48;5;240m▄\e[38;5;241;48;5;243m▄\e[38;5;242;48;5;240m▄\e[38;5;240;48;5;95m▄\e[38;5;95;48;5;180m▄\e[38;5;180;48;5;138m▄\e[38;5;180;48;5;144m▄\e[38;5;95;48;5;138m▄\e[38;5;239;48;5;239m▄\e[38;5;243;48;5;238m▄\e[38;5;243;48;5;243m▄\e[38;5;8;48;5;8m▄\e[38;5;8;48;5;243m▄\e[38;5;8;48;5;241m▄\e[38;5;8;48;5;8m▄\e[38;5;8;48;5;102m▄\e[38;5;239;48;5;8m▄\e[38;5;239;48;5;241m▄\e[38;5;243;48;5;239m▄\e[38;5;8;48;5;59m▄\e[38;5;8;48;5;241m▄\e[38;5;239;48;5;242m▄\e[38;5;239;48;5;243m▄\e[38;5;238;48;5;239m▄\e[38;5;102;48;5;242m▄\e[38;5;245;48;5;102m▄\e[38;5;8;48;5;243m▄\e[38;5;8;48;5;240m▄\e[38;5;238;48;5;8m▄\e[38;5;243;48;5;8m▄\e[38;5;243;48;5;243m▄\e[38;5;8;48;5;8m▄\e[38;5;8;48;5;102m▄\e[38;5;238;48;5;243m▄\e[38;5;8;48;5;102m▄\e[38;5;242;48;5;242m▄\e[38;5;242;48;5;8m▄\e[38;5;8;48;5;8m▄\e[38;5;59;48;5;239m▄\e[38;5;8;48;5;102m▄\e[48;5;245m \e[38;5;102;48;5;8m▄\e[38;5;59;48;5;242m▄\e[38;5;8;49m▄\e[49m    \e[m
\e[49m  \e[49;38;5;247m▀\e[38;5;238;48;5;239m▄\e[38;5;243;48;5;241m▄\e[38;5;59;48;5;241m▄\e[38;5;240;48;5;242m▄\e[38;5;239;48;5;243m▄\e[38;5;240;48;5;59m▄\e[38;5;239;48;5;241m▄\e[38;5;240;48;5;239m▄\e[38;5;239;48;5;95m▄\e[38;5;59;48;5;95m▄\e[38;5;242;48;5;137m▄\e[38;5;241;48;5;101m▄\e[38;5;8;48;5;242m▄\e[38;5;8;48;5;8m▄\e[38;5;242;48;5;243m▄\e[38;5;240;48;5;8m▄\e[38;5;238;48;5;8m▄\e[38;5;239;48;5;243m▄\e[38;5;240;48;5;243m▄\e[38;5;243;48;5;240m▄\e[38;5;243;48;5;242m▄\e[38;5;8;48;5;243m▄\e[38;5;242;48;5;243m▄▄\e[38;5;241;48;5;243m▄\e[38;5;241;48;5;242m▄\e[38;5;8;48;5;243m▄\e[38;5;243;48;5;242m▄\e[38;5;240;48;5;242m▄\e[38;5;8;48;5;8m▄\e[38;5;243;48;5;242m▄▄\e[38;5;8;48;5;8m▄\e[38;5;102;48;5;243m▄\e[38;5;8;48;5;239m▄\e[38;5;240;48;5;241m▄\e[38;5;246;48;5;240m▄\e[38;5;246;48;5;8m▄\e[38;5;8;48;5;243m▄\e[38;5;245;48;5;245m▄▄\e[38;5;8;48;5;242m▄\e[38;5;241;48;5;242m▄\e[38;5;242;48;5;239m▄\e[38;5;245;48;5;102m▄\e[38;5;8;48;5;102m▄\e[38;5;242;48;5;241m▄\e[49;38;5;8m▀\e[49m    \e[m
\e[49m   \e[49;38;5;8m▀\e[38;5;245;48;5;241m▄\e[38;5;239;48;5;239m▄\e[38;5;242;48;5;242m▄\e[38;5;241;48;5;59m▄\e[38;5;240;48;5;242m▄\e[38;5;238;48;5;242m▄▄\e[38;5;241;48;5;241m▄\e[38;5;59;48;5;241m▄\e[38;5;241;48;5;242m▄\e[38;5;238;48;5;240m▄\e[38;5;238;48;5;243m▄▄\e[38;5;242;48;5;59m▄\e[38;5;242;48;5;241m▄\e[48;5;8m \e[38;5;8;48;5;243m▄\e[38;5;243;48;5;243m▄\e[38;5;242;48;5;8m▄▄\e[38;5;59;48;5;243m▄\e[38;5;241;48;5;8m▄\e[38;5;241;48;5;242m▄\e[38;5;243;48;5;239m▄\e[38;5;243;48;5;241m▄\e[38;5;59;48;5;243m▄\e[38;5;238;48;5;242m▄\e[38;5;241;48;5;238m▄\e[38;5;243;48;5;242m▄\e[38;5;242;48;5;8m▄▄▄\e[38;5;243;48;5;8m▄\e[38;5;242;48;5;243m▄\e[38;5;245;48;5;8m▄\e[38;5;246;48;5;246m▄\e[38;5;243;48;5;102m▄\e[38;5;246;48;5;245m▄\e[38;5;245;48;5;242m▄\e[38;5;242;48;5;243m▄\e[38;5;242;48;5;8m▄\e[38;5;241;48;5;240m▄\e[38;5;241;48;5;242m▄\e[38;5;8;48;5;8m▄\e[38;5;243;48;5;243m▄\e[38;5;239;48;5;59m▄\e[49m     \e[m
\e[49m     \e[49;38;5;250m▀\e[49;38;5;239m▀\e[49;38;5;240m▀\e[49;38;5;239m▀\e[49;38;5;237m▀\e[38;5;239;48;5;238m▄\e[38;5;59;48;5;239m▄\e[38;5;238;48;5;242m▄\e[38;5;241;48;5;59m▄\e[38;5;242;48;5;243m▄\e[38;5;243;48;5;243m▄▄\e[38;5;8;48;5;243m▄\e[38;5;8;48;5;241m▄\e[38;5;241;48;5;243m▄\e[38;5;242;48;5;8m▄\e[38;5;8;48;5;8m▄\e[38;5;243;48;5;242m▄\e[38;5;242;48;5;242m▄\e[38;5;243;48;5;242m▄\e[38;5;243;48;5;241m▄\e[38;5;242;48;5;239m▄\e[38;5;242;48;5;241m▄\e[38;5;242;48;5;243m▄\e[38;5;242;48;5;242m▄\e[38;5;237;48;5;238m▄\e[38;5;242;48;5;243m▄\e[38;5;242;48;5;8m▄\e[38;5;241;48;5;243m▄\e[38;5;8;48;5;242m▄\e[38;5;8;48;5;8m▄\e[38;5;8;48;5;102m▄\e[38;5;242;48;5;8m▄\e[38;5;243;48;5;8m▄\e[38;5;246;48;5;8m▄\e[38;5;102;48;5;242m▄\e[38;5;243;48;5;102m▄\e[38;5;8;48;5;245m▄\e[38;5;242;48;5;8m▄\e[38;5;236;48;5;240m▄\e[38;5;236;48;5;238m▄\e[38;5;237;48;5;239m▄\e[38;5;236;48;5;240m▄\e[49;38;5;238m▀\e[49m      \e[m
\e[49m          \e[38;5;239;48;5;239m▄\e[38;5;238;48;5;59m▄\e[38;5;59;48;5;59m▄\e[38;5;59;48;5;241m▄\e[38;5;242;48;5;59m▄\e[38;5;241;48;5;243m▄\e[38;5;242;48;5;243m▄\e[38;5;8;48;5;8m▄\e[38;5;242;48;5;8m▄\e[38;5;242;48;5;242m▄\e[38;5;243;48;5;240m▄\e[38;5;242;48;5;240m▄▄\e[38;5;242;48;5;239m▄\e[38;5;241;48;5;240m▄\e[38;5;240;48;5;242m▄\e[38;5;240;48;5;243m▄\e[38;5;239;48;5;242m▄\e[38;5;237;48;5;242m▄\e[38;5;240;48;5;238m▄\e[38;5;239;48;5;240m▄\e[38;5;239;48;5;59m▄\e[38;5;236;48;5;95m▄\e[38;5;235;48;5;131m▄\e[38;5;236;48;5;240m▄\e[38;5;238;48;5;243m▄\e[38;5;240;48;5;243m▄▄\e[38;5;240;48;5;241m▄\e[38;5;238;48;5;243m▄\e[38;5;237;48;5;8m▄\e[38;5;239;48;5;8m▄\e[38;5;8;48;5;242m▄\e[38;5;241;48;5;242m▄\e[38;5;240;48;5;243m▄\e[38;5;59;48;5;241m▄\e[38;5;242;48;5;240m▄\e[38;5;240;48;5;237m▄\e[49m       \e[m
\e[49m          \e[49;38;5;8m▀\e[38;5;238;48;5;238m▄\e[48;5;240m \e[38;5;241;48;5;242m▄\e[38;5;241;48;5;241m▄\e[38;5;239;48;5;243m▄\e[38;5;241;48;5;241m▄\e[38;5;242;48;5;59m▄\e[38;5;243;48;5;59m▄\e[38;5;59;48;5;242m▄\e[38;5;237;48;5;243m▄\e[38;5;237;48;5;240m▄\e[38;5;240;48;5;239m▄\e[38;5;238;48;5;240m▄\e[38;5;237;48;5;59m▄\e[38;5;238;48;5;240m▄\e[38;5;238;48;5;239m▄\e[38;5;239;48;5;238m▄\e[38;5;242;48;5;240m▄\e[38;5;243;48;5;238m▄\e[38;5;243;48;5;59m▄\e[38;5;59;48;5;243m▄\e[38;5;242;48;5;8m▄\e[38;5;243;48;5;243m▄\e[38;5;243;48;5;241m▄\e[38;5;243;48;5;240m▄\e[38;5;243;48;5;239m▄\e[38;5;243;48;5;238m▄\e[38;5;8;48;5;238m▄\e[38;5;243;48;5;239m▄\e[38;5;239;48;5;239m▄\e[38;5;242;48;5;240m▄\e[38;5;241;48;5;243m▄\e[38;5;102;48;5;8m▄\e[38;5;243;48;5;8m▄\e[38;5;8;48;5;243m▄\e[38;5;243;48;5;241m▄\e[38;5;238;48;5;239m▄\e[49m       \e[m
\e[49m            \e[38;5;240;48;5;240m▄\e[38;5;242;48;5;241m▄\e[38;5;240;48;5;242m▄\e[38;5;241;48;5;239m▄\e[38;5;241;48;5;240m▄\e[38;5;59;48;5;241m▄\e[38;5;237;48;5;240m▄\e[38;5;239;48;5;240m▄\e[38;5;239;48;5;241m▄\e[49;38;5;238m▀\e[49m  \e[49;38;5;239m▀\e[38;5;239;48;5;238m▄\e[38;5;240;48;5;241m▄\e[38;5;242;48;5;240m▄\e[38;5;243;48;5;240m▄\e[38;5;243;48;5;242m▄\e[38;5;8;48;5;243m▄\e[38;5;243;48;5;243m▄\e[38;5;8;48;5;243m▄\e[38;5;102;48;5;8m▄▄▄\e[38;5;243;48;5;8m▄\e[38;5;240;48;5;8m▄\e[38;5;8;48;5;8m▄\e[38;5;246;48;5;240m▄\e[38;5;102;48;5;8m▄\e[38;5;242;48;5;8m▄\e[38;5;102;48;5;8m▄\e[38;5;102;48;5;243m▄\e[38;5;242;48;5;8m▄\e[38;5;242;48;5;243m▄\e[38;5;241;48;5;242m▄\e[49;38;5;239m▀\e[49m       \e[m
\e[49m             \e[49;38;5;240m▀\e[49;38;5;237m▀\e[38;5;239;48;5;240m▄\e[38;5;240;48;5;240m▄▄\e[38;5;237;48;5;240m▄\e[38;5;59;48;5;240m▄\e[49;38;5;239m▀\e[49m    \e[38;5;237;48;5;240m▄\e[38;5;242;48;5;59m▄\e[38;5;243;48;5;59m▄\e[38;5;8;48;5;241m▄\e[38;5;8;48;5;243m▄\e[38;5;243;48;5;8m▄\e[38;5;241;48;5;102m▄\e[38;5;240;48;5;245m▄\e[38;5;8;48;5;8m▄\e[38;5;245;48;5;242m▄\e[38;5;245;48;5;240m▄\e[38;5;246;48;5;102m▄\e[38;5;245;48;5;245m▄\e[38;5;8;48;5;245m▄\e[38;5;243;48;5;102m▄\e[38;5;238;48;5;243m▄\e[38;5;8;48;5;59m▄\e[38;5;102;48;5;242m▄\e[38;5;242;48;5;243m▄\e[38;5;59;48;5;243m▄\e[38;5;239;48;5;242m▄\e[49;38;5;238m▀\e[49m        \e[m
\e[49m                         \e[49;38;5;240m▀\e[38;5;240;48;5;242m▄\e[38;5;243;48;5;59m▄\e[38;5;8;48;5;240m▄\e[38;5;8;48;5;242m▄\e[38;5;102;48;5;8m▄\e[38;5;245;48;5;8m▄\e[38;5;102;48;5;245m▄\e[38;5;245;48;5;245m▄\e[38;5;246;48;5;245m▄\e[38;5;102;48;5;245m▄\e[38;5;8;48;5;246m▄\e[38;5;242;48;5;245m▄\e[38;5;239;48;5;8m▄\e[38;5;242;48;5;239m▄\e[38;5;241;48;5;102m▄\e[38;5;240;48;5;242m▄▄\e[38;5;239;48;5;241m▄\e[49;38;5;240m▀\e[49m          \e[m
\e[49m                           \e[49;38;5;240m▀\e[38;5;239;48;5;243m▄\e[38;5;242;48;5;8m▄\e[38;5;243;48;5;245m▄\e[38;5;243;48;5;102m▄▄\e[38;5;242;48;5;102m▄\e[38;5;240;48;5;102m▄\e[38;5;241;48;5;8m▄\e[38;5;238;48;5;241m▄\e[38;5;242;48;5;240m▄\e[49;38;5;241m▀\e[49;38;5;246m▀\e[49;38;5;245m▀\e[49m              \e[m
\e[49m                              \e[49;38;5;145m▀\e[49;38;5;239m▀\e[38;5;145;48;5;8m▄\e[38;5;248;48;5;247m▄\e[49;38;5;243m▀\e[49m                    \e[m
\e[49m                                                       \e[m
";
. /etc/profile.d/bash_completion.sh
. /opt/conda/etc/profile.d/conda.sh
conda activate base